2575094 84 2025
2594994 81 2025
2597640 81 2025
2588030 80 2025
2599970 79 2025
2574268 76 2025
2576899 76 2025
2582503 75 2025
2572451 74 2025
2602091 74 2025
2573130 73 2025
2603870 73 2025
2601290 72 2025
2580535 72 2025
2594951 72 2025
2617072 71 2025
2594463 71 2025
2617064 71 2025
2574640 83 2025
2608820 82 2025
2615622 81 2025
2574209 80 2025
2602490 77 2025
2583976 77 2025
2585316 74 2025
2584921 74 2025
2609215 74 2025
2594790 72 2025
2589389 72 2025
2598230 72 2025
2613530 72 2025
2587467 71 2025
2571420 71 2025
2598558 71 2025
2592460 70 2025
2605058 70 2025
2589125 84 2025
2585901 82 2025
2614073 78 2025
2577453 77 2025
2588200 77 2025
2588820 76 2025
2585308 76 2025
2611970 76 2025
2592746 75 2025
2589230 75 2025
2594587 75 2025
2604558 75 2025
2577356 74 2025
2598299 74 2025
2592711 74 2025
2614502 74 2025
2597667 74 2025
2590042 74 2025
2599147 81 2025
2598787 81 2025
2591189 81 2025
2594021 79 2025
2616572 78 2025
2596199 76 2025
2570831 75 2025
2586908 74 2025
2602873 74 2025
2578611 73 2025
2577119 73 2025
2589044 73 2025
2573199 72 2025
2586207 72 2025
2617048 71 2025
2597926 71 2025
2586720 71 2025
2585995 70 2025
2613166 82 2025
2583364 82 2025
2606690 78 2025
2592819 78 2025
2571072 77 2025
2577518 76 2025
2575043 75 2025
2582988 75 2025
2612887 75 2025
2588480 74 2025
2587904 74 2025
2591278 72 2025
2607484 72 2025
2571811 72 2025
2596318 71 2025
2610370 71 2025
2596156 71 2025
2588960 71 2025
2517809 70 2024
2549549 69 2024
2529025 68 2024
2541386 68 2024
2565129 67 2024
2544407 66 2024
2517698 66 2024
2558874 65 2024
2532069 65 2024
2521547 64 2024
2562120 62 2024
2538105 62 2024
2539357 61 2024
2511029 61 2024
2518201 61 2024
2535491 61 2024
2560690 60 2024
2534460 60 2024
2556367 76 2024
2555840 74 2024
2555719 72 2024
2538725 71 2024
2532697 68 2024
2516012 67 2024
2559846 67 2024
2526115 65 2024
2528916 65 2024
2548682 65 2024
2524066 63 2024
2563436 63 2024
2535963 61 2024
2553961 60 2024
2550768 59 2024
2531992 59 2024
2553910 58 2024
2556200 57 2024
2515059 79 2024
2536846 79 2024
2538482 74 2024
2525984 73 2024
2548526 72 2024
2544431 70 2024
2517515 69 2024
2555115 68 2024
2541564 68 2024
2551160 68 2024
2536110 67 2024
2542625 66 2024
2548666 66 2024
2529645 66 2024
2559650 66 2024
2554151 65 2024
2546639 65 2024
2538237 65 2024
2541718 72 2024
2544202 70 2024
2536285 70 2024
2525925 69 2024
2566893 68 2024
2556740 67 2024
2513366 67 2024
2535327 67 2024
2542226 67 2024
2516330 67 2024
2525607 66 2024
2526590 66 2024
2512955 66 2024
2563320 66 2024
2519674 65 2024
2531860 65 2024
2520664 64 2024
2559064 64 2024
2514850 75 2024
2565188 75 2024
2549115 74 2024
2526840 70 2024
2521318 70 2024
2557266 70 2024
2538873 69 2024
2549840 68 2024
2533650 68 2024
2525488 67 2024
2518040 67 2024
2529173 67 2024
2516454 66 2024
2565978 64 2024
2544504 64 2024
2536536 63 2024
2526727 63 2024
2542609 63 2024
8528756 66 2023
8508204 65 2023
8500533 65 2023
8525498 63 2023
8503192 61 2023
8511208 61 2023
8532362 60 2023
8500371 60 2023
8520518 59 2023
8522081 58 2023
8511697 57 2023
8511654 56 2023
8511020 56 2023
8501831 56 2023
8510431 55 2023
8509697 55 2023
8500320 55 2023
8520216 55 2023
8500290 78 2023
8527032 71 2023
8503400 68 2023
8523088 66 2023
8512973 66 2023
8503346 64 2023
8515417 62 2023
8515930 61 2023
8512469 60 2023
8522022 58 2023
8516783 57 2023
8526050 57 2023
8526578 56 2023
8525528 55 2023
8513554 55 2023
8515140 55 2023
8519358 54 2023
8527490 54 2023
8504970 73 2023
8522266 73 2023
8504229 69 2023
8502951 69 2023
8508097 66 2023
8526060 65 2023
8515590 64 2023
8515581 64 2023
8516472 64 2023
8509921 63 2023
8528934 63 2023
8514658 62 2023
8527733 62 2023
8523070 62 2023
8531773 61 2023
8520722 60 2023
8520453 60 2023
8504997 59 2023
8504970 73 2023
8522266 73 2023
8504229 69 2023
8502951 69 2023
8508097 66 2023
8526060 65 2023
8515590 64 2023
8515581 64 2023
8516472 64 2023
8509921 63 2023
8528934 63 2023
8514658 62 2023
8527733 62 2023
8523070 62 2023
8531773 61 2023
8520722 60 2023
8520453 60 2023
8504997 59 2023
8517010 75 2023
8527156 70 2023
8509166 67 2023
8505454 66 2023
8516540 65 2023
8501254 64 2023
8513074 63 2023
8520828 63 2023
8515921 63 2023
8519382 63 2023
8524297 63 2023
8509054 62 2023
8528292 61 2023
8501238 61 2023
8522855 61 2023
8526346 59 2023
8527512 58 2023
8530742 58 2023
5561140 76 2022
5514258 70 2022
5522358 69 2022
5522510 69 2022
5556180 64 2022
5546117 64 2022
5544505 63 2022
5528836 61 2022
5526396 61 2022
5556236 61 2022
5537746 61 2022
5518652 60 2022
5545641 60 2022
5523354 58 2022
5515793 58 2022
5540569 58 2022
5554349 57 2022
5521343 55 2022
5557305 69 2022
5529727 67 2022
5547881 64 2022
5527678 63 2022
5538521 63 2022
5525616 61 2022
5530822 60 2022
5549817 60 2022
5550556 60 2022
5544009 60 2022
5521335 58 2022
5559090 58 2022
5556740 58 2022
5550092 58 2022
5538157 58 2022
5556023 57 2022
5545200 57 2022
5544068 55 2022
5557666 70 2022
5526876 69 2022
5538947 69 2022
5543665 67 2022
5534356 67 2022
5557062 67 2022
5521165 67 2022
5520444 66 2022
5530261 66 2022
5539536 64 2022
5524024 64 2022
5549043 64 2022
5547830 64 2022
5557097 63 2022
5522080 63 2022
5520428 63 2022
5551668 63 2022
5550831 63 2022
5534186 69 2022
5521416 67 2022
5554888 64 2022
5541620 64 2022
5556198 64 2022
5530954 63 2022
5517516 63 2022
5541859 63 2022
5532000 61 2022
5537584 61 2022
5530636 61 2022
5517788 60 2022
5515513 60 2022
5513596 58 2022
5541867 58 2022
5547024 58 2022
5555779 58 2022
5521122 58 2022
5529387 73 2022
5518385 67 2022
5524415 64 2022
5546605 64 2022
5556120 64 2022
5517761 64 2022
5553920 63 2022
5530210 63 2022
5558360 61 2022
5563330 61 2022
5531950 61 2022
5516480 60 2022
5525225 60 2022
5525071 60 2022
5542170 58 2022
5549205 58 2022
5515769 58 2022
5541131 58 2022
